0
10
100
2700
2800
75
150
225
300
375
450
525
600
675
750
825
900
975
1050
1125
1200
1275
1350
1425
1500
1575
1650
1725
1800
1875
1950
2025
2100
2175
2250
2325
2400
2475
2550
2625
2699
2775
2850
2925
3000
3075
3150
3225
3300
3375
3450
3525
3600
3675
3750
3825
3900
3975
4050
4125
4200
4275
4350
4425
4500
4575
4650
4725
4800
4875
4950
5025
5100
5175
5250
5325
5398
835
830
827
828
829
840
985
980
978
979
990
1285
1287
1290
1300
1293
1296
1298
1299
1310
1320
1325
1385
1365
1360
1362
1363
1370
1505
1502
1515
1525
1520
1521
1522
1523
1524
1535
2185
2180
2177
2785
3680
